0.000000 0.0000000000
0.100000 0.0000000000
0.200000 0.0000000000
0.300000 0.0000000000
0.400000 0.0000000000
0.500000 0.0000000000
0.600000 0.0000000000
0.700000 0.0000000000
0.800000 0.0000000000
0.900000 0.0000000000
1.000000 0.0000000000
1.100000 0.0000000000
1.200000 0.0000000000
1.300000 0.0000000000
1.400000 0.0000000000
1.500000 0.0000000000
1.600000 0.0000000000
1.700000 0.0000000000
1.800000 0.0000000000
1.900000 0.0000000000
2.000000 0.0000000000
2.100000 0.0000000000
2.200000 0.0000000000
2.300000 0.0000000000
2.400000 0.0000000000
2.500000 0.0000000000
2.600000 0.0000000000
2.700000 0.0000000000
2.800000 0.0000000000
2.900000 0.0000000000
3.000000 0.0000000000
3.100000 0.0000000000
3.200000 0.0000000000
3.300000 0.0000000000
3.400000 0.0000000000
3.500000 0.0000000000
3.600000 0.0000000000
3.700000 0.0000000000
3.800000 0.0000000000
3.900000 0.0000000000
4.000000 0.0000000000
4.100000 0.0000000000
4.200000 0.0000000000
4.300000 0.0000000000
4.400000 0.0000000000
4.500000 0.0000000000
4.600000 0.0000000000
4.700000 0.0000000000
4.800000 0.0000000000
4.900000 0.0000000000
5.000000 0.0000000000
5.100000 0.0000000000
5.200000 0.0000000000
5.300000 0.0000000000
5.400000 0.0000000000
5.500000 0.0000000000
5.600000 0.0000000000
5.700000 0.0000000000
5.800000 0.0000000000
5.900000 0.0000000000
6.000000 0.0000000000
6.100000 0.0000000000
6.200000 0.0000000000
6.300000 0.0000000000
6.400000 0.0000000000
6.500000 0.0000000000
6.600000 0.0000000000
6.700000 0.0000000000
6.800000 0.0000000000
6.900000 0.0000000000
7.000000 0.0000000000
7.100000 0.0000000000
7.200000 0.0000000000
7.300000 0.0000000000
7.400000 0.0000000000
7.500000 0.0000000000
7.600000 0.0000000000
7.700000 0.0000000000
7.800000 0.0000000000
7.900000 0.0000000000
8.000000 0.0000000000
8.100000 0.0000000000
8.200000 0.0000000000
8.300000 0.0000000000
8.400000 0.0000000000
8.500000 0.0000000000
8.600000 0.0000000000
8.700000 0.0000000000
8.800000 0.0000000000
8.900000 0.0000000000
9.000000 0.0000000000
9.100000 0.2275778054
9.200000 0.0000000000
9.300000 0.0000000000
9.400000 0.0000000000
9.500000 0.0000000000
9.600000 0.0000000000
9.700000 0.0000000000
9.800000 0.0000000000
9.900000 0.0000000000
10.000000 0.0000000000
10.100000 0.0000000000
10.200000 14.6075883551
10.300000 0.0000000000
10.400000 0.0000000000
10.500000 0.0000000000
10.600000 0.0000000000
10.700000 0.0000000000
10.800000 0.0000000000
10.900000 0.0000000000
11.000000 0.0000000000
11.100000 0.0000000000
11.200000 0.0000000000
11.300000 0.0000000000
11.400000 0.0000000000
11.500000 0.0000000000
11.600000 0.0000000000
11.700000 0.0000000000
11.800000 0.0000000000
11.900000 0.0000000000
12.000000 0.0000000000
12.100000 0.0000000000
12.200000 0.0000000000
12.300000 0.0000000000
12.400000 0.0000000000
12.500000 0.0000000000
12.600000 0.0000000000
12.700000 0.0000000000
12.800000 0.0000000000
12.900000 0.0000000000
13.000000 0.0000000000
13.100000 0.0000000000
13.200000 38.4877479440
13.300000 0.0000000000
13.400000 0.0000000000
13.500000 0.0000000000
13.600000 0.0000000000
13.700000 0.0000000000
13.800000 0.0000000000
13.900000 0.0000000000
14.000000 0.0000000000
14.100000 0.0000000000
14.200000 11060.6775860823
14.300000 0.0000000000
14.400000 0.0000000000
14.500000 0.0000000000
14.600000 0.0000000000
14.700000 0.0000000000
14.800000 0.0000000000
14.900000 0.0000000000
15.000000 0.0000000000
15.100000 0.0000000000
15.200000 0.0000000000
15.300000 0.0000000000
15.400000 0.0000000000
15.500000 0.0000000000
15.600000 0.0000000000
15.700000 0.0000000000
15.800000 0.0000000000
15.900000 0.0000000000
16.000000 0.0000000000
16.100000 0.0000000000
16.200000 0.0000000000
16.300000 0.0000000000
16.400000 0.0000000000
16.500000 0.0000000000
16.600000 0.0000000000
16.700000 0.0000000000
16.800000 0.0000000000
16.900000 0.0000000000
17.000000 0.0000000000
17.100000 0.0000000000
17.200000 0.0000000000
17.300000 0.0000000000
17.400000 0.0000000000
17.500000 0.0000000920
17.600000 0.0000000000
17.700000 0.0000000000
17.800000 0.0000000000
17.900000 0.0000000000
18.000000 0.0000000000
18.100000 0.0000000000
18.200000 0.0000000000
18.300000 7760168.4399866583
18.400000 0.0000000000
18.500000 0.0000000000
18.600000 0.0000000000
18.700000 0.0000000000
18.800000 0.0000000000
18.900000 0.0000000000
19.000000 0.0000000000
19.100000 0.0000000000
19.200000 0.0000000000
19.300000 0.0000000000
19.400000 0.0000000000
19.500000 0.0000000000
19.600000 0.0000000000
19.700000 3287.3225568111
19.800000 0.0000000000
19.900000 0.0000000000
20.000000 0.0000000000
20.100000 0.0000000000
20.200000 0.0000000000
20.300000 2875920.7599982498
20.400000 0.0000000000
20.500000 1367266.3601225216
20.600000 0.0000000000
20.700000 0.0000000000
20.800000 0.0000000000
20.900000 0.0000000000
21.000000 0.0000000000
21.100000 0.0000000000
21.200000 0.0000000000
21.300000 0.0000000000
21.400000 0.0000000000
21.500000 0.0000000000
21.600000 0.0000000000
21.700000 3.3726237401
21.800000 0.1246527269
21.900000 774.3148787421
22.000000 0.0000000000
22.100000 0.0000000000
22.200000 0.0000000000
22.300000 0.0000000000
22.400000 0.0000000000
22.500000 0.0000000000
22.600000 517.1085788023
22.700000 0.0000000000
22.800000 0.0000000000
22.900000 0.0000000000
23.000000 0.0000000000
23.100000 0.2211992246
23.200000 0.0000000000
23.300000 0.0000000000
23.400000 0.0000000000
23.500000 0.0000000000
23.600000 0.0000000000
23.700000 0.0000000000
23.800000 0.0000000000
23.900000 0.0000000000
24.000000 0.0000000000
24.100000 0.0000000000
24.200000 0.0000000000
24.300000 0.0000000000
24.400000 0.0000000000
24.500000 0.0000000000
24.600000 0.0000000000
24.700000 0.0000000000
24.800000 0.0000000000
24.900000 0.0000000000
25.000000 0.0000000000
25.100000 0.0000000000
25.200000 0.0000000000
25.300000 0.0000000000
25.400000 250.0117063492
25.500000 0.0000000000
25.600000 0.0000000000
25.700000 0.0000000000
25.800000 0.0000000000
25.900000 0.0000000000
26.000000 0.0000000000
26.100000 0.0000000000
26.200000 0.0000000000
26.300000 0.0000000000
26.400000 0.0000000000
26.500000 577149.2253019470
26.600000 0.0000000000
26.700000 0.0000000000
26.800000 0.0000000000
26.900000 1041807.5714198769
27.000000 0.0000000000
27.100000 13347.6152552753
27.200000 0.0000000000
27.300000 0.0000000000
27.400000 0.0000000000
27.500000 0.0000000000
27.600000 0.3637842998
27.700000 0.0000000000
27.800000 0.0000000000
27.900000 0.0000000000
28.000000 814624.1772761431
28.100000 57323.6441213378
28.200000 0.0000000000
28.300000 0.0000000000
28.400000 0.0000000000
28.500000 0.0000000000
28.600000 0.0000000000
28.700000 394171.6896665020
28.800000 0.0000000000
28.900000 0.0000000000
29.000000 0.0000000000
29.100000 36263.3624761487
29.200000 0.0000000000
29.300000 0.0000000000
29.400000 0.0000000000
29.500000 0.0000000000
29.600000 0.0000000000
29.700000 0.0000000000
29.800000 0.0000000000
29.900000 0.0000000000
30.000000 0.0000000000
30.100000 0.0000000000
30.200000 5642.6033984330
30.300000 0.0000000000
30.400000 0.0000000000
30.500000 0.0000000000
30.600000 0.0000000000
30.700000 0.0000000000
30.800000 0.0000000000
30.900000 0.0000000000
31.000000 1.7337346471
31.100000 0.0000000000
31.200000 0.0000000000
31.300000 0.0000000000
31.400000 0.0000000000
31.500000 0.0000000000
31.600000 24239.0267562289
31.700000 0.0000000000
31.800000 0.0000000000
31.900000 39287.5854374700
32.000000 0.0000000000
32.100000 0.0000000000
32.200000 0.0000000000
32.300000 0.0000000000
32.400000 0.0000000000
32.500000 0.0000000000
32.600000 0.0000000000
32.700000 0.0000000000
32.800000 3791.4908151358
32.900000 0.0000000000
33.000000 0.0000000000
33.100000 68685.4079779297
33.200000 0.1265516692
33.300000 0.0000000000
33.400000 0.0000000000
33.500000 0.0000000000
33.600000 0.0000000000
33.700000 0.0000000000
33.800000 97413.1771726710
33.900000 0.0000000000
34.000000 0.0000000000
34.100000 0.0000000000
34.200000 0.0000000000
34.300000 0.0000000000
34.400000 0.0000000000
34.500000 0.0000000000
34.600000 0.0000000000
34.700000 0.0000000000
34.800000 0.0000000000
34.900000 0.2839493683
35.000000 0.0000000000
35.100000 820.8447664800
35.200000 0.0000000000
35.300000 0.0000000000
35.400000 6781.7108127086
35.500000 0.0000000000
35.600000 0.0000000000
35.700000 0.0000000000
35.800000 16875.3821634808
35.900000 0.0831776143
36.000000 0.0000000000
36.100000 0.0000000000
36.200000 0.0000000000
36.300000 0.0000000000
36.400000 936660.9807254917
36.500000 0.0000000000
36.600000 1853616.1326814187
36.700000 0.0000000000
36.800000 0.0000000000
36.900000 3825.6304492383
37.000000 428793.8106597191
37.100000 0.0000000000
37.200000 0.0000000000
37.300000 0.0000000000
37.400000 0.0000000000
37.500000 0.0006297701
37.600000 2861365.7737199292
37.700000 0.5015503174
37.800000 70634.8731128346
37.900000 47150.2941572374
38.000000 0.0000000000
38.100000 0.0000000000
38.200000 0.0000000000
38.300000 148519.2605971799
38.400000 0.0000000000
38.500000 0.0000000000
38.600000 0.0000000000
38.700000 0.0000000000
38.800000 0.0000000000
38.900000 0.0000000000
39.000000 0.0000000000
39.100000 0.0000000000
39.200000 0.0000000000
39.300000 600010.7217306431
39.400000 0.0000000000
39.500000 0.0000000000
39.600000 0.0000000000
39.700000 0.0000000000
39.800000 0.0000000000
39.900000 0.0000000000
40.000000 0.0000000000
40.100000 993895.1119392316
40.200000 153394.6420354684
40.300000 0.0000000000
40.400000 0.0000000000
40.500000 0.0000000000
40.600000 0.0000000000
40.700000 0.0000000000
40.800000 0.0000000000
40.900000 0.0000000000
41.000000 0.0000000000
41.100000 37767.8542129628
41.200000 149216.9335103533
41.300000 0.0000000000
41.400000 0.0000000000
41.500000 0.0000000000
41.600000 1485930.8516708319
41.700000 361.4741592493
41.800000 0.0000000000
41.900000 295065.8862369653
42.000000 0.0000000000
42.100000 0.8706762143
42.200000 0.0000000000
42.300000 0.0000000000
42.400000 0.0000000000
42.500000 0.0000000000
42.600000 0.0000000000
42.700000 1325.6748458732
42.800000 0.0000000000
42.900000 0.0000000000
43.000000 0.0000000000
43.100000 0.0000000000
43.200000 0.0000000000
43.300000 155751.8072498056
43.400000 0.0000000000
43.500000 0.0000000000
43.600000 27532.5866763387
43.700000 0.0000000000
43.800000 0.0000000000
43.900000 0.0000000000
44.000000 0.0000000000
44.100000 2641004.6389544248
44.200000 93351.4599916855
44.300000 0.0000000000
44.400000 0.0000000000
44.500000 82730.4320466524
44.600000 0.0000000000
44.700000 156793.4758001993
44.800000 0.0000000000
44.900000 0.0000000000
45.000000 0.0000000000
45.100000 67623.6413954956
45.200000 0.0000000000
45.300000 0.0000000000
45.400000 1986906.6812651367
45.500000 0.0000000000
45.600000 41823.5582397681
45.700000 0.0000000000
45.800000 0.0000000000
45.900000 34206.6763503210
46.000000 0.0000000000
46.100000 316667.0141262067
46.200000 0.0000000000
46.300000 0.0000000000
46.400000 0.0000000000
46.500000 0.0000000000
46.600000 0.0000000000
46.700000 0.0000000000
46.800000 0.0069681510
46.900000 0.0000000000
47.000000 0.5497768661
47.100000 0.0000000000
47.200000 49437.2591643736
47.300000 1516549.7667228789
47.400000 0.0000000000
47.500000 0.0000000000
47.600000 0.0000000000
47.700000 5338.7497629112
47.800000 0.0000000000
47.900000 78512.3322009151
48.000000 0.0000000000
48.100000 9615.6800545228
48.200000 15873.8092128534
48.300000 0.0000000000
48.400000 0.0000000000
48.500000 0.0000000000
48.600000 0.0000000000
48.700000 0.0000000000
48.800000 1.2501225063
48.900000 7004.4700425347
49.000000 0.0000000000
49.100000 0.0000000000
49.200000 23950.8587466916
49.300000 10044.7260833021
49.400000 0.0000000000
49.500000 0.0000000000
49.600000 0.0000000000
49.700000 0.0000000000
49.800000 0.0000000000
49.900000 0.0000000000
50.000000 0.0342488805
50.100000 0.0000000000
50.200000 0.0000000000
50.300000 1717.2753944333
50.400000 0.0000000000
50.500000 2423413.4516431075
50.600000 0.0000000000
50.700000 11759.9800367481
50.800000 74237.8667652256
50.900000 0.0000000000
51.000000 0.4096652699
51.100000 0.0000000000
51.200000 0.0000000000
51.300000 2817.4225560482
51.400000 0.0000000000
51.500000 0.0000000000
51.600000 0.0000000000
51.700000 0.0000000000
51.800000 0.0000000000
51.900000 0.0000000000
52.000000 0.0000000000
52.100000 2351565.2351947739
52.200000 103124.9555590872
52.300000 7586.1643571546
52.400000 0.0000000000
52.500000 2567.2830797985
52.600000 216680.7327085070
52.700000 1.0144876722
52.800000 0.0000000000
52.900000 9.9759802709
53.000000 1207.3441924087
53.100000 0.0000000000
53.200000 0.0057684360
53.300000 12426.0113691603
53.400000 0.0000000000
53.500000 0.0000000000
53.600000 0.0000000000
53.700000 0.0000000000
53.800000 0.0000000000
53.900000 228486.2531384394
54.000000 0.0000000000
54.100000 0.0000000000
54.200000 0.0000000048
54.300000 0.0000000000
54.400000 2435491.1367143854
54.500000 0.0000000000
54.600000 254298.7557047315
54.700000 0.0000000000
54.800000 0.0000000000
54.900000 1201.0827226942
55.000000 0.0000000000
55.100000 1616.2772732617
55.200000 0.0000000000
55.300000 122203.5781435734
55.400000 548033.5553146966
55.500000 0.0000000000
55.600000 0.0000000000
55.700000 0.0000000000
55.800000 189718.8671839123
55.900000 47638.1751977705
56.000000 78732.7641441285
56.100000 264935.3645959861
56.200000 50503.8298047070
56.300000 66638.7284669268
56.400000 2165.6934414275
56.500000 0.0000000000
56.600000 0.0000000000
56.700000 0.0000000000
56.800000 0.0000000000
56.900000 25815.9911611626
57.000000 0.0000000000
57.100000 0.1282081730
57.200000 0.0000000000
57.300000 81070.6486747438
57.400000 17357.5939568696
57.500000 0.0000000000
57.600000 0.0000000000
57.700000 97360.6802394851
57.800000 550459.3779770272
57.900000 7.9917003544
58.000000 0.0000000000
58.100000 418792.1480165475
58.200000 0.0000000000
58.300000 0.0000000000
58.400000 128239.6772238258
58.500000 0.0000000000
58.600000 506605.6945778203
58.700000 0.0000000000
58.800000 0.0000000000
58.900000 1.2522661759
59.000000 108817.1771101023
59.100000 17850.0523577136
59.200000 0.0000000000
59.300000 0.0000000000
59.400000 289663.9491667415
59.500000 0.0000000000
59.600000 0.0000000000
59.700000 124.9426889554
59.800000 0.0000000000
59.900000 0.0000000000
60.000000 21879.9558505059
60.100000 0.0000000000
60.200000 72543.0265769380
60.300000 10331.5319245795
60.400000 103168.9400268963
60.500000 0.0000000000
60.600000 0.0000000000
60.700000 0.0000000000
60.800000 0.0000000000
60.900000 0.0000000000
61.000000 103093.9777135840
61.100000 0.0000000000
61.200000 0.0000000000
61.300000 197152.4030786578
61.400000 0.0000000000
61.500000 104948.5401634299
61.600000 43762.0558573051
61.700000 0.0000000000
61.800000 30089.5546803787
61.900000 127228.5462077363
62.000000 0.0000000000
62.100000 0.0000000000
62.200000 0.0000000000
62.300000 0.0000000000
62.400000 15311.7463729636
62.500000 377564.8761312368
62.600000 0.0000000000
62.700000 3405.9935575983
62.800000 1455.9076644719
62.900000 76238.4488146053
63.000000 0.0000000000
63.100000 0.0000000000
63.200000 0.0000000000
63.300000 59169.2833555501
63.400000 0.0000000000
63.500000 7.2465694243
63.600000 1723.8953377129
63.700000 2813896.2324610762
63.800000 0.0000000000
63.900000 0.0000000000
64.000000 0.0000000000
64.100000 24.7341274576
64.200000 0.0000000000
64.300000 0.0000000000
64.400000 0.0000000000
64.500000 3.2313449150
64.600000 1556225.4878920959
64.700000 0.0000000000
64.800000 0.0000000000
64.900000 0.0000000000
65.000000 2803.1615394770
65.100000 69773.1196929680
65.200000 2050.3731531588
65.300000 4880.8045761517
65.400000 0.0000000000
65.500000 1100.3610224295
65.600000 0.0000000000
65.700000 0.0000000000
65.800000 65081.3196132392
65.900000 0.0000000000
66.000000 0.0000000000
66.100000 1846355.5748387757
66.200000 25.0133780058
66.300000 0.0000000000
66.400000 103145.0912255587
66.500000 0.0000000000
66.600000 1418461.6347765690
66.700000 140711.6312502449
66.800000 0.0000000000
66.900000 0.0000000000
67.000000 33448.0792620055
67.100000 0.0000000000
67.200000 0.0000000000
67.300000 0.4766151987
67.400000 977.8772638120
67.500000 98455.5199738886
67.600000 198.1190771830
67.700000 0.0000000000
67.800000 411429.2952880129
67.900000 94931.8826100337
68.000000 0.0000000000
68.100000 0.0000000000
68.200000 0.0000000000
68.300000 0.0000000000
68.400000 0.0000000000
68.500000 0.0000000000
68.600000 0.0000000000
68.700000 0.1469283921
68.800000 962533.3387080615
68.900000 0.0000000000
69.000000 285989.7697767159
69.100000 8469.0522665992
69.200000 28.3552780951
69.300000 0.0000000000
69.400000 115414.8791118450
69.500000 13284.3931235191
69.600000 1656.6281164621
69.700000 17864.7575881068
69.800000 214871.0633025180
69.900000 266.2746993178
70.000000 0.0000000000
70.100000 21.2533069524
70.200000 340.3830547899
70.300000 4421.3845767014
70.400000 8690.4936587953
70.500000 0.0000000000
70.600000 745016.6622948583
70.700000 0.0000000000
70.800000 0.0000000000
70.900000 10674.0192308777
71.000000 0.0000000000
71.100000 406022.0180268358
71.200000 0.0000000000
71.300000 0.0000000000
71.400000 0.0000000000
71.500000 883641.2870605184
71.600000 0.0000000000
71.700000 0.0000000000
71.800000 0.0000000000
71.900000 94944.2860077779
72.000000 9058.7116060092
72.100000 0.0000000000
72.200000 11837.2951176835
72.300000 11507.0592338565
72.400000 516.1770791963
72.500000 0.0000000000
72.600000 250132.1602913554
72.700000 479.9016608990
72.800000 0.0000000000
72.900000 0.0000000000
73.000000 0.0000000000
73.100000 76.3483397754
73.200000 0.0000000000
73.300000 0.0059828936
73.400000 18925.8218830681
73.500000 0.0000000000
73.600000 0.0000000000
73.700000 481.1360269967
73.800000 0.0000000000
73.900000 0.0000000000
74.000000 10.5805439669
74.100000 0.0000000000
74.200000 493.6070460989
74.300000 185025.8538502879
74.400000 1368.5098700841
74.500000 13176.5026447786
74.600000 174.3430653244
74.700000 44587.1429981058
74.800000 74586.7930845222
74.900000 0.0000000000
75.000000 1092.1744233816
75.100000 0.0000000000
75.200000 0.0000000000
75.300000 0.0000000000
75.400000 0.0000000000
75.500000 120709.8176110581
75.600000 0.0000000000
75.700000 75585.7369557889
75.800000 155367.4473772788
75.900000 5600.5034627347
76.000000 1312.9300310428
76.100000 726775.5128371576
76.200000 60140.4898137162
76.300000 132183.9893066902
76.400000 46473.1547725658
76.500000 702.0867495810
76.600000 108816.6446904641
76.700000 514.4440387377
76.800000 1874.6643774654
76.900000 4943.5445702246
77.000000 0.0000000000
77.100000 3.1269751109
77.200000 116061.5023485795
77.300000 0.0000000000
77.400000 420701.6646015897
77.500000 5.7838926778
77.600000 36115.2212328879
77.700000 0.0000000000
77.800000 141499.1204522683
77.900000 0.0000000000
78.000000 0.0000000000
78.100000 0.0000000000
78.200000 0.0000000000
78.300000 6902.6770915690
78.400000 106640.3182497110
78.500000 421073.6800264498
78.600000 753510.4367110976
78.700000 0.0000000000
78.800000 12872.0375332363
78.900000 846161.7682561798
79.000000 85057.7829693974
79.100000 206482.8972831715
79.200000 24376.7827146704
79.300000 0.0000000000
79.400000 2076.3670273189
79.500000 50488.2255676426
79.600000 11356.3934494241
79.700000 2977.9944723533
79.800000 315646.3316943023
79.900000 0.0000000000
80.000000 91897.9688790522
80.100000 532101.9931154829
80.200000 61201.9633055921
80.300000 0.0000000000
80.400000 459113.1878026949
80.500000 297021.3556100387
80.600000 0.0000000000
80.700000 29846.4644927980
80.800000 113152.2355421091
80.900000 295138.2978663162
81.000000 18342.5152130294
81.100000 0.0000000000
81.200000 0.0000000000
81.300000 0.0000000000
81.400000 446781.3084243712
81.500000 0.0000000000
81.600000 758406.0793545246
81.700000 2874.0694830644
81.800000 0.0000000000
81.900000 7.6550696057
82.000000 259587.3508831664
82.100000 0.0000000000
82.200000 0.0000000000
82.300000 95.3850984580
82.400000 0.0000000000
82.500000 2512.5821367597
82.600000 112241.7860267999
82.700000 258969.0569016115
82.800000 0.0000000000
82.900000 0.0000000000
83.000000 0.0000000000
83.100000 1485.1952901482
83.200000 805.4499435065
83.300000 55463.9647859229
83.400000 0.0000000000
83.500000 116957.4640807776
83.600000 0.0000000000
83.700000 133773.5468050120
83.800000 181050.2851391477
83.900000 0.0000000000
84.000000 0.0000000000
84.100000 18131.3641236417
84.200000 76669.5237383110
84.300000 79969.7623562592
84.400000 0.0000000000
84.500000 642177.4792210722
84.600000 57926.1861895220
84.700000 0.0000000000
84.800000 232200.5475594764
84.900000 0.0000000000
85.000000 0.0000000000
85.100000 0.0000000000
85.200000 15.6944139060
85.300000 453.1513858625
85.400000 0.0000000000
85.500000 0.0000000000
85.600000 0.0000000000
85.700000 0.0000000000
85.800000 0.0000000000
85.900000 35258.2458666088
86.000000 0.0000000000
86.100000 0.0000000000
86.200000 0.4186819410
86.300000 0.0000000000
86.400000 28547.9620312077
86.500000 575140.9693726824
86.600000 0.0000000000
86.700000 182075.5476270329
86.800000 156.2653557751
86.900000 265766.2914224303
87.000000 0.0000000000
87.100000 0.0000000000
87.200000 11430.1861078855
87.300000 6011.3108594746
87.400000 0.0000000000
87.500000 0.0000000000
87.600000 71465.3018079993
87.700000 9802.6601944573
87.800000 28903.2609628434
87.900000 219519.5318874267
88.000000 0.0000000000
88.100000 0.0000000000
88.200000 86873.9122254579
88.300000 0.0000000000
88.400000 7763.8603032104
88.500000 10280.7554963023
88.600000 0.0000000000
88.700000 0.0000000000
88.800000 0.0000000000
88.900000 22488.9300960325
89.000000 79926.8746064328
89.100000 7337.8126693080
89.200000 36226.5336550979
89.300000 0.0000000000
89.400000 66782.6445572995
89.500000 324043.5377897740
89.600000 0.0000000000
89.700000 70081.1680598745
89.800000 0.0000000000
89.900000 3003.1694734300
90.000000 0.0000000000
